n = 10, gamma = 0.5.
mu = [0.5773397034187602, 0.2975417500474069, -0.645030765835588, -0.3044241735698252, 0.4817615693290256, 0.1911557900129961, -0.9486235868607493, 0.27467244144524416, -0.017225310028811558, 0.8223103191170771]
Sigma = [1.0 0.0 0.0 0.0 0.0 0.0 0.0 0.0 0.0 0.0; 0.0 1.0 0.0 0.0 0.0 0.0 0.0 0.0 0.0 0.0; 0.0 0.0 1.0 0.0 0.0 0.0 0.0 0.0 0.0 0.0; 0.0 0.0 0.0 1.0 0.0 0.0 0.0 0.0 0.0 0.0; 0.0 0.0 0.0 0.0 1.0 0.0 0.0 0.0 0.0 0.0; 0.0 0.0 0.0 0.0 0.0 1.0 0.0 0.0 0.0 0.0; 0.0 0.0 0.0 0.0 0.0 0.0 1.0 0.0 0.0 0.0; 0.0 0.0 0.0 0.0 0.0 0.0 0.0 1.0 0.0 0.0; 0.0 0.0 0.0 0.0 0.0 0.0 0.0 0.0 1.0 0.0; 0.0 0.0 0.0 0.0 0.0 0.0 0.0 0.0 0.0 1.0]

Optimal value (unconstrained): 0.5004259875250835
Optimal CVaR (unconstrained): -0.5541428874870217
Optimal x (unconstrained): [0.2506102077635978, 0.07859650146616576, 0.0, 0.0, 0.19185084627553256, 0.013192683465626083, 0.0, 0.06453693794075455, 0.0, 0.40121282308832334]

delta = 0.05.
Min CVaR: -0.713746487143002
Optimal x (minCVaR): [0.0, 0.0, 0.0, 0.0, 0.0, 0.0, 0.0, 0.0, 0.0, 1.0]

Xi = -0.6179843273494138.
Optimal value (CVaR constrained): 0.45901686482803833
Optimal CVaR (CVaR constrained): -0.6179843273478893
Optimal x (CVaR constrained): [0.28208937766670966, 0.006685529182695757, 0.0, 0.0, 0.1880122565063562, 0.0, 0.0, 0.0, 0.0, 0.5232128366442383]
Num iterations = 1000000000.
