n = 10, gamma = 0.5.
mu = [-0.2821126717893738, 0.2788667585477187, 0.9968488565937588, 0.5079243134337357, 0.8208068276271365, 0.19665060263646672, 0.22087713636481965, -0.9068267373575392, -0.163949473204424, 0.4559916294185602]
Sigma = [1.0 0.5 0.25 0.125 0.0625 0.03125 0.0625 0.125 0.25 0.5; 0.5 1.0 0.5 0.25 0.125 0.0625 0.03125 0.0625 0.125 0.25; 0.25 0.5 1.0 0.5 0.25 0.125 0.0625 0.03125 0.0625 0.125; 0.125 0.25 0.5 1.0 0.5 0.25 0.125 0.0625 0.03125 0.0625; 0.0625 0.125 0.25 0.5 1.0 0.5 0.25 0.125 0.0625 0.03125; 0.03125 0.0625 0.125 0.25 0.5 1.0 0.5 0.25 0.125 0.0625; 0.0625 0.03125 0.0625 0.125 0.25 0.5 1.0 0.5 0.25 0.125; 0.125 0.0625 0.03125 0.0625 0.125 0.25 0.5 1.0 0.5 0.25; 0.25 0.125 0.0625 0.03125 0.0625 0.125 0.25 0.5 1.0 0.5; 0.5 0.25 0.125 0.0625 0.03125 0.0625 0.125 0.25 0.5 1.0]

Optimal value (unconstrained): 0.5096072877248453
Optimal CVaR (unconstrained): -0.6997816257030384
Optimal x (unconstrained): [0.0, 0.0, 0.3967536729644301, 0.0, 0.3143586386167834, 0.0, 0.0655601134170101, 0.0, 0.0, 0.2233275750017764]

delta = 0.05.
Min CVaR: -0.8882850246196837
Optimal x (minCVaR): [0.0, 0.0, 1.0, 0.0, 0.0, 0.0, 0.0, 0.0, 0.0, 0.0]

Xi = -0.7751829852696965.
Optimal value (CVaR constrained): 0.47454802108071414
Optimal CVaR (CVaR constrained): -0.7751829852647318
Optimal x (CVaR constrained): [0.0, 0.0, 0.4953741985080984, 0.0, 0.3513012444027388, 0.0, 0.0, 0.0, 0.0, 0.15332455708916276]
Num iterations = 1000000000.
