n = 10, gamma = 0.5.
mu = [-0.4764298373322706, -0.7304440517784911, -0.5689335279981675, -0.10121260402261756, 0.6234424476245606, 0.9422540605767527, -0.04225700273837396, 0.8490469047207536, 0.13016228100379257, -0.7023597993361168]
Sigma = [1.0 0.0 0.0 0.0 0.0 0.0 0.0 0.0 0.0 0.0; 0.0 1.0 0.0 0.0 0.0 0.0 0.0 0.0 0.0 0.0; 0.0 0.0 1.0 0.0 0.0 0.0 0.0 0.0 0.0 0.0; 0.0 0.0 0.0 1.0 0.0 0.0 0.0 0.0 0.0 0.0; 0.0 0.0 0.0 0.0 1.0 0.0 0.0 0.0 0.0 0.0; 0.0 0.0 0.0 0.0 0.0 1.0 0.0 0.0 0.0 0.0; 0.0 0.0 0.0 0.0 0.0 0.0 1.0 0.0 0.0 0.0; 0.0 0.0 0.0 0.0 0.0 0.0 0.0 1.0 0.0 0.0; 0.0 0.0 0.0 0.0 0.0 0.0 0.0 0.0 1.0 0.0; 0.0 0.0 0.0 0.0 0.0 0.0 0.0 0.0 0.0 1.0]

Optimal value (unconstrained): 0.6514677634254289
Optimal CVaR (unconstrained): -0.7645487415348327
Optimal x (unconstrained): [0.0, 0.0, 0.0, 0.0, 0.24379181466190056, 0.3986138827962601, 0.0, 0.35335039787825223, 0.004243904663587303, 0.0]

delta = 0.05.
Min CVaR: -0.8346491766590406
Optimal x (minCVaR): [0.0, 0.0, 0.0, 0.0, 0.0, 0.8819749370263916, 0.0, 0.11802506297360826, 0.0, 0.0]

Xi = -0.7925889155845158.
Optimal value (CVaR constrained): 0.6314545127407346
Optimal CVaR (CVaR constrained): -0.7925889155845154
Optimal x (CVaR constrained): [0.0, 0.0, 0.0, 0.0, 0.14580578584210127, 0.47525579573987103, 0.0, 0.3789384184180277, 0.0, 0.0]
Num iterations = 10000000.
